0.0037	6262.26796	79.13449286
0.00554	6870.80781	82.89033605
0.00739	7432.89984	86.21426703
0.00924	7950.84901	89.16753339
0.01109	8392.13918	91.60861957
0.01293	8805.90711	93.83979492
0.01478	9187.38265	95.85083542
0.01663	9667.26435	98.32224748
0.01848	9901.51504	99.50635678
0.02032	10269.17718	101.3369487
0.02217	10575.44325	102.8369741
0.02402	10886.87283	104.3401784
0.02587	11111.61554	105.411648
0.02772	11439.93007	106.9576088
0.02956	11718.19099	108.2505935
0.03141	11943.36636	109.2857098
0.03326	12142.15796	110.1914605
0.03511	12363.97994	111.1934348
0.03695	12580.93796	112.1647804
0.0388	12777.32366	113.0368244
0.04065	12976.74844	113.915532
0.0425	13172.69904	114.7723793
0.04435	13383.27314	115.6860974
0.04619	13489.55151	116.1445285
0.04804	13605.58709	116.6429899
0.04989	13646.09834	116.8165157
0.05174	13649.1758	116.8296872
0.05358	13544.59302	116.38124
0.05543	13363.53247	115.600746
0.05728	12969.8111	113.8850785
0.05913	12251.36727	110.6858946
0.06097	11085.66642	105.2884914
0.06282	9691.43952	98.44510917
0.06467	8104.81338	90.02673703
0.06652	6670.53221	81.67332618
0.06837	5591.0643	74.77341974
0.07021	4925.85018	70.18440126
0.07206	4529.90066	67.3045367
0.07391	4383.14955	66.20535892
0.07576	4409.08154	66.4009152
0.0776	4483.30235	66.95746672
0.07945	4463.18272	66.80705591
0.0813	4311.38029	65.6611018
0.08315	3957.27179	62.9068501
0.08499	3462.36913	58.84189944
0.08684	2875.41301	53.62287767
0.08869	2303.04147	47.99001427
0.09054	1891.03146	43.48599154
0.09238	1796.66357	42.38706843
0.09423	2016.92836	44.91022556
0.09608	2367.27692	48.65467007
0.09793	2663.08092	51.60504743
0.09978	2850.26315	53.38785583
0.10162	2908.60791	53.93151129
0.10347	2809.98221	53.00926532
0.10532	2580.69758	50.80056673
0.10717	2252.998	47.46575608
0.10901	1852.56579	43.0414427
0.11086	1461.50607	38.2296491
0.11271	1143.67828	33.81831279
0.11456	1033.44085	32.14717484
0.1164	1122.49722	33.50368965
0.11825	1337.16117	36.56721441
0.1201	1541.42791	39.26102278
0.12195	1738.96521	41.70090179
0.12379	1846.07692	42.96599725
0.12564	1862.2567	43.15387236
0.12749	1816.59021	42.62147592
0.12934	1711.13997	41.36592765
0.13118	1549.19334	39.35979344
0.13303	1368.21051	36.98932968
0.13488	1194.98954	34.56862074
0.13673	1044.98804	32.32627476
0.13858	961.24919	31.00401893
0.14042	948.6833	30.80070291
0.14227	973.65292	31.20341199
0.14412	1039.23048	32.23709788
0.14597	1095.44512	33.09750927
0.14781	1138.41996	33.74047955
0.14966	1108.3411	33.29175724
0.15151	1099.44759	33.15791896
0.15336	1058.23343	32.5305
0.1552	995.77909	31.55596758
0.15705	933.21648	30.54859211
0.1589	878.64726	29.64198475
0.16075	842.30517	29.02249421
0.16259	832.83672	28.85891058
0.16444	829.47212	28.80055763
0.16629	831.3044	28.83234989
0.16814	825.01273	28.72303483
0.16998	800.3924	28.29120711
0.17183	752.65596	27.43457599
0.17368	687.10043	26.2126006
0.17553	606.69927	24.63126611
0.17737	511.58088	22.61815377
0.17922	443.80401	21.06665636
0.18107	414.44903	20.35802127
0.18292	438.56356	20.94190918
0.18476	504.06547	22.45140241
0.18661	582.78898	24.14102276
0.18846	649.62143	25.48767212
0.19031	701.72787	26.49014666
0.19215	724.94	26.92470984
0.194	721.95568	26.86923296
0.19585	690.83862	26.28380908
0.19769	639.14787	25.28137397
0.19954	555.48807	23.56879441
0.20139	459.01852	21.4247175
0.20324	350.77913	18.72909848
0.20508	259.6902	16.11490614
0.20693	207.63429	14.40952081
0.20878	236.85439	15.3900744
0.21063	306	17.49285568
0.21247	393.01654	19.82464476
0.21432	458.96296	21.42342083
0.21617	514.06712	22.67304832
0.21802	540.53585	23.24942687
0.21986	545.29533	23.35155948
0.22171	531.91259	23.06323026
0.22356	490.94399	22.15725592
0.2254	429.61494	20.72715465
0.22725	365.68019	19.12276627
0.2291	286.13284	16.91546157
0.23095	221.92116	14.89701849
0.23279	177.86793	13.33671361
0.23464	182.95628	13.52613322
0.23649	221.03846	14.86736224
0.23834	271.37428	16.47344166
0.24018	317.90722	17.82995289
0.24203	344.17437	18.5519371
0.24388	364.60938	19.09474745
0.24572	364.00275	19.0788561
0.24757	345.57922	18.58976116
0.24942	328.19506	18.11615467
0.25127	292.65338	17.10711489
0.25311	253.3614	15.91733018
0.25496	223.52405	14.95072072
0.25681	196.35682	14.01273778
0.25866	195.57607	13.98485145
0.2605	202.36848	14.22562758
0.26235	214.99535	14.66271973
0.2642	231.44546	15.21333165
0.26604	241.93181	15.55415732
0.26789	247.764	15.74052096
0.26974	239.03347	15.46070729
0.27159	228.2652	15.10844797
0.27343	206.69059	14.37673781
0.27528	190.55708	13.80424138
0.27713	171.74108	13.1050021
0.27897	166.46321	12.90206224
0.28082	168.29141	12.97271791
0.28267	185.03513	13.60276185
0.28451	199.32135	14.11812133
0.28636	218.44679	14.77994553
0.28821	225.41739	15.01390655
0.29006	228.71161	15.12321427
0.2919	224.20749	14.9735597
0.29375	208.24745	14.43078134
0.2956	181.69755	13.47952336
0.29744	151.38032	12.303671
0.29929	123.76187	11.12483123
0.30114	98.09179	9.904129947
0.30298	88.91007	9.429213647
0.30483	108.775	10.4295254
0.30668	131.55227	11.4696238
0.30853	157.59759	12.55378787
0.31037	180.80653	13.44643187
0.31222	197.34994	14.04812941
0.31407	207.14246	14.39244455
0.31591	204.24985	14.29160068
0.31776	195.66298	13.98795839
0.31961	175.31686	13.24072732
0.32145	146.9932	12.12407522
0.3233	112.9159	10.62618935
0.32515	85.89529	9.267971191
0.32699	57.28001	7.568355832
0.32884	59.46427	7.711307931
0.33069	75.80237	8.706455651
0.33254	98.52411	9.925931191
0.33438	122.31108	11.05943398
0.33623	133.34917	11.54769111
0.33808	147.28204	12.13598121
0.33992	152.94443	12.36707039
0.34177	150.59216	12.27159973
0.34362	138.96762	11.78845282
0.34546	121.05371	11.00244109
0.34731	102.91258	10.14458378
0.34916	80.47981	8.971054007
0.351	60.17475	7.757238555
0.35285	51.33225	7.164652818
0.3547	51.33225	7.164652818
0.35654	58.60034	7.655085891
0.35839	73.60027	8.579059972
0.36208	94.5833	9.725394594
0.36578	96.70574	9.833907667
0.36947	80.49224	8.971746764
0.37316	55.11806	7.424153824
0.37686	37.32292	6.109248726
0.38055	46.37887	6.810203374
0.38424	61.70899	7.855506986
0.38793	66.91786	8.180333734
0.39163	60.58052	7.783348894
0.39532	48.01042	6.928955188
0.39901	38.49675	6.204574925
0.40271	40.04997	6.328504563
0.4064	46.78675	6.840084064
0.41009	46.93613	6.850994818
0.41378	39.29377	6.268474296
0.41748	28.53069	5.341412734
0.42117	25.671	5.066655702
0.42486	33.57082	5.794033138
0.42855	42.61455	6.527982077
0.43225	43.80639	6.618639588
0.43594	38.14446	6.176120141
0.43963	26.73948	5.17102311
0.44332	14.52584	3.811278001
0.44702	18.57418	4.309777256
0.45071	28.44293	5.333191352
0.4544	34.88553	5.906397379
0.45809	33.31666	5.772058558
0.46178	25.82634	5.081962219
0.46548	15.13275	3.890083547
0.46917	8.94427	2.990697243
0.47286	13.22876	3.637136236
0.47655	16.70329	4.086965867
0.48024	17.49286	4.182446652
0.48393	17.11724	4.137298636
0.48763	10.90871	3.302833632
0.49132	8.7178	2.952592082
0.49501	9.27362	3.045261893
0.4987	10.58301	3.253153854
0.50239	10.29563	3.208680414
0.50608	8.544	2.923012145
0.50977	5.65685	2.378413337
0.51347	5.91608	2.432299324
0.51716	8.77496	2.962255897
0.52085	10.04988	3.17015457
0.52454	9.84886	3.138289343
0.52823	7.87401	2.806066642
0.53192	5.74456	2.396781175
0.53561	4	2
0.5393	5.09902	2.258100972
0.54299	6.08276	2.466325202
0.54668	6.78233	2.60429069
0.55037	6.78233	2.60429069
0.55406	5.56776	2.359610137
0.55775	4.12311	2.030544262
0.56144	2.82843	1.681793685
